('QFilter, GVal, SIZE, initial_mapping  =', '01y', True, 'all', 'top')
('lev, slayer, gamma, stop, anchor =', 3, 0, 0, 10, True)
In this test, we use Type 01y filter and top initial mapping for all circuits on sycamore
*****************************************
Thu Mar 23 21:30:57 2023
(1, 'square_root_7', 15, 3089, 10184, 7095, 65.97454242706299, 3.2969)
(2, 'qft_16', 16, 240, 501, 261, 11.623774938583374, 2.0875)
(3, 'sqn_258', 10, 4459, 13135, 8676, 17.647297115325927, 2.9457)
(4, 'co14_215', 15, 7840, 27730, 19890, 115.66238015174866, 3.537)
(5, 'ising_model_10', 10, 90, 90, 0, 0.21785402297973633, 1.0)
(6, 'rd84_253', 12, 5960, 17342, 11382, 69.88953947067262, 2.9097)
(7, 'ising_model_13', 13, 120, 120, 0, 0.06589221954345703, 1.0)
(8, '9symml_195', 11, 15232, 42700, 27468, 98.6443411064148, 2.8033)
(9, 'ising_model_16', 16, 150, 150, 0, 0.08341240882873535, 1.0)
(10, 'mod5mils_65', 5, 16, 34, 18, 0.23100949287414552, 2.125)
(11, '4gt13_92', 5, 30, 126, 96, 0.48620464324951174, 4.2)
(12, 'sym9_193', 11, 15232, 42700, 27468, 99.84582570075989, 2.8033)
(13, 'z4_268', 11, 1343, 4031, 2688, 8.288465337753296, 3.0015)
(14, 'sym6_145', 7, 1701, 4530, 2829, 3.503114652633667, 2.6631)
(15, 'rd84_142', 15, 154, 421, 267, 2.8526002883911135, 2.7338)
(16, 'decod24-v2_43', 4, 22, 49, 27, 0.3146269416809082, 2.2273)
(17, 'qft_13', 13, 156, 294, 138, 5.698930988311767, 1.8846)
(18, 'radd_250', 13, 1405, 4243, 2838, 22.53521322250366, 3.0199)
(19, 'rd73_252', 10, 2319, 6408, 4089, 9.71795823097229, 2.7633)
(20, 'cycle10_2_110', 12, 2648, 7586, 4938, 9.37784423828125, 2.8648)
(21, 'qft_10', 10, 90, 153, 63, 1.0258389377593995, 1.7)
(22, 'alu-v0_27', 5, 17, 41, 24, 0.26660564422607425, 2.4118)
(23, '4mod5-v1_22', 5, 11, 20, 9, 0.25087952613830566, 1.8182)
(24, 'qft_20', 20, 380, 863, 483, 17.53602424621582, 2.2711)
(25, 'misex1_241', 15, 2100, 6312, 4212, 13.274805765151978, 3.0057)
(26, 'adr4_197', 13, 1498, 4507, 3009, 21.924707775115966, 3.0087)
The average ratio is 194270:66302 = 2.9301
The time spent for this test is 543.35 : 543.48
