('QFilter, GVal, SIZE, initial_mapping  =', '01y', True, 'all', 'top')
('lev, slayer, gamma, stop, anchor =', 3, 0, 0, 10, True)
In this test, we use Type 01y filter and top initial mapping for all circuits on guadalupe
*****************************************
Thu Mar 23 21:34:15 2023
(1, 'square_root_7', 15, 3089, 14129, 11040, 23.235090618133544, 4.574)
(2, 'qft_16', 16, 240, 837, 597, 0.2962389087677002, 3.4875)
(3, 'sqn_258', 10, 4459, 14959, 10500, 3.9936865615844725, 3.3548)
(4, 'co14_215', 15, 7840, 27874, 20034, 18.543671264648438, 3.5554)
(5, 'ising_model_10', 10, 90, 90, 0, 0.014162778854370117, 1.0)
(6, 'rd84_253', 12, 5960, 21428, 15468, 10.238652114868165, 3.5953)
(7, 'ising_model_13', 13, 120, 135, 15, 0.44376564979553224, 1.125)
(8, '9symml_195', 11, 15232, 55249, 40017, 15.59682523727417, 3.6272)
(9, 'ising_model_16', 16, 150, 207, 57, 21.328981647491457, 1.38)
(10, 'mod5mils_65', 5, 16, 37, 21, 0.011570215225219727, 2.3125)
(11, '4gt13_92', 5, 30, 81, 51, 0.024319887161254883, 2.7)
(12, 'sym9_193', 11, 15232, 55249, 40017, 15.108718070983887, 3.6272)
(13, 'z4_268', 11, 1343, 4427, 3084, 1.6044140338897706, 3.2964)
(14, 'sym6_145', 7, 1701, 5097, 3396, 0.5074588966369629, 2.9965)
(15, 'rd84_142', 15, 154, 457, 303, 0.24611876487731935, 2.9675)
(16, 'decod24-v2_43', 4, 22, 49, 27, 0.009261846542358398, 2.2273)
(17, 'qft_13', 13, 156, 417, 261, 0.2216011905670166, 2.6731)
(18, 'radd_250', 13, 1405, 5137, 3732, 5.891708927154541, 3.6562)
(19, 'rd73_252', 10, 2319, 7962, 5643, 1.5929389095306397, 3.4334)
(20, 'cycle10_2_110', 12, 2648, 9164, 6516, 1.9761337184906005, 3.4607)
(21, 'qft_10', 10, 90, 198, 108, 0.06475666999816895, 2.2)
(22, 'alu-v0_27', 5, 17, 38, 21, 0.016511201858520508, 2.2353)
(23, '4mod5-v1_22', 5, 11, 20, 9, 0.01702094078063965, 1.8182)
(25, 'misex1_241', 15, 2100, 7002, 4902, 3.487869882583618, 3.3343)
(1, 'adr4_197', 13, 1498, 5302, 3804, 3.89079008102417, 3.5394)
