('QFilter, GVal, SIZE, initial_mapping  =', '01y', True, 'all', 'top')
('lev, slayer, gamma, stop, anchor =', 3, 0, 0, 10, True)
In this test, we use Type 01y filter and top initial mapping for all circuits on rochester
*****************************************
Thu Mar 23 21:31:27 2023
(1, 'square_root_7', 15, 3089, 12929, 9840, 9.054663610458373, 4.1855)
(2, 'qft_16', 16, 240, 873, 633, 2.566555004119873, 3.6375)
(3, 'sqn_258', 10, 4459, 16198, 11739, 5.626169719696045, 3.6327)
(4, 'co14_215', 15, 7840, 30235, 22395, 24.937069911956787, 3.8565)
(5, 'ising_model_10', 10, 90, 90, 0, 0.040459394454956055, 1.0)
(6, 'rd84_253', 12, 5960, 20714, 14754, 12.291876907348632, 3.4755)
(7, 'ising_model_13', 13, 120, 120, 0, 0.041208744049072266, 1.0)
(8, '9symml_195', 11, 15232, 56086, 40854, 25.599320697784425, 3.6821)
(9, 'ising_model_16', 16, 150, 150, 0, 0.05218982696533203, 1.0)
(10, 'mod5mils_65', 5, 16, 37, 21, 0.18759799003601074, 2.3125)
(11, '4gt13_92', 5, 30, 129, 99, 0.21404291152954102, 4.3)
(12, 'sym9_193', 11, 15232, 56086, 40854, 26.034265842437744, 3.6821)
(13, 'z4_268', 11, 1343, 5354, 4011, 2.833247480392456, 3.9866)
(14, 'sym6_145', 7, 1701, 5532, 3831, 1.394375581741333, 3.2522)
(15, 'rd84_142', 15, 154, 481, 327, 0.9493676280975342, 3.1234)
(16, 'decod24-v2_43', 4, 22, 49, 27, 0.19334006309509277, 2.2273)
(17, 'qft_13', 13, 156, 456, 300, 0.7422781372070313, 2.9231)
(18, 'radd_250', 13, 1405, 5023, 3618, 5.5172380924224855, 3.5751)
(19, 'rd73_252', 10, 2319, 8181, 5862, 2.6410773849487303, 3.5278)
(20, 'cycle10_2_110', 12, 2648, 9950, 7302, 3.041052303314209, 3.7576)
(21, 'qft_10', 10, 90, 198, 108, 0.3406656551361084, 2.2)
(22, 'alu-v0_27', 5, 17, 38, 21, 0.19646669387817384, 2.2353)
(23, '4mod5-v1_22', 5, 11, 20, 9, 0.18625617027282715, 1.8182)
(24, 'qft_20', 20, 380, 1406, 1026, 1.805933666229248, 3.7)
(25, 'misex1_241', 15, 2100, 7689, 5589, 5.497008724212646, 3.6614)
(26, 'adr4_197', 13, 1498, 5629, 4131, 4.864162731170654, 3.7577)
The average ratio is 243653:66302 = 3.6749
The time spent for this test is 126.02 : 126.16
