('QFilter, GVal, SIZE, initial_mapping  =', '01y', True, 'all', 'top')
('lev, slayer, gamma, stop, anchor =', 3, 0, 0, 10, True)
In this test, we use Type 01y filter and top initial mapping for all circuits on torino
*****************************************
Fri Jun 21 02:12:22 2024
(1, '4gt13_92.qasm.txt', 5, 30, 210, 180, 0.02, 7.0)
(3, 'decod24-v2_43.qasm.txt', 4, 22, 49, 27, 0.01, 2.2273)
(17, '4mod5-v1_22.qasm.txt', 5, 11, 20, 9, 0.01, 1.8182)
(15, 'ising_model_10.qasm.txt', 10, 90, 90, 0, 0.0, 1.0)
(20, 'ising_model_16.qasm.txt', 16, 150, 150, 0, 0.0, 1.0)
(22, 'ising_model_13.qasm.txt', 13, 120, 120, 0, 0.0, 1.0)
(23, 'mod5mils_65.qasm.txt', 5, 16, 37, 21, 0.02, 2.3125)
(25, 'alu-v0_27.qasm.txt', 5, 17, 38, 21, 0.03, 2.2353)
(7, 'qft_10.qasm.txt', 10, 90, 303, 213, 0.19, 3.3667)
(24, 'qft_13.qasm.txt', 13, 156, 429, 273, 0.74, 2.75)
(8, 'qft_16.qasm.txt', 16, 240, 774, 534, 1.15, 3.225)
(19, 'rd84_142.qasm.txt', 15, 154, 448, 294, 1.15, 2.9091)
(13, 'qft_20.qasm.txt', 20, 380, 1148, 768, 1.99, 3.0211)
(21, 'sym6_145.qasm.txt', 7, 1701, 6189, 4488, 2.91, 3.6384)
(26, 'z4_268.qasm.txt', 11, 1343, 6713, 5370, 4.8, 4.9985)
(11, 'cycle10_2_110.qasm.txt', 12, 2648, 9155, 6507, 6.17, 3.4573)
(9, 'rd73_252.qasm.txt', 10, 2319, 7812, 5493, 6.73, 3.3687)
(12, 'adr4_197.qasm.txt', 13, 1498, 5830, 4332, 6.89, 3.8919)
(14, 'misex1_241.qasm.txt', 15, 2100, 7737, 5637, 7.52, 3.6843)
(5, 'radd_250.qasm.txt', 13, 1405, 5017, 3612, 8.28, 3.5708)
(18, 'sqn_258.qasm.txt', 10, 4459, 16378, 11919, 11.14, 3.673)
(10, 'square_root_7.qasm.txt', 15, 3089, 14210, 11121, 19.54, 4.6002)
(6, 'rd84_253.qasm.txt', 12, 5960, 22370, 16410, 22.82, 3.7534)
(16, 'sym9_193.qasm.txt', 11, 15232, 65725, 50493, 41.54, 4.3149)
(4, '9symml_195.qasm.txt', 11, 15232, 65725, 50493, 42.33, 4.3149)
(2, 'co14_215.qasm.txt', 15, 7840, 29665, 21825, 47.5, 3.7838)
Fri Jun 21 02:12:22 2024
over
