('QFilter, GVal, SIZE, initial_mapping  =', '01y', True, 'all', 'top')
('lev, slayer, gamma, stop, anchor =', 3, 0, 0, 10, True)
In this test, we use Type 01y filter and top initial mapping for all circuits on _19x19
*****************************************
Thu Mar 23 22:29:33 2023
(1, 'square_root_7', 15, 3089, 6341, 3252, 2701.2387809848788, 2.0528)
(2, 'qft_16', 16, 240, 333, 93, 1131.4965676879883, 1.3875)
(3, 'sqn_258', 10, 4459, 5056, 597, 656.4121909236908, 1.1339)
(4, 'co14_215', 15, 7840, 8593, 753, 1018.5341181373597, 1.096)
(5, 'ising_model_10', 10, 90, 90, 0, 78.78622055053711, 1.0)
(6, 'rd84_253', 12, 5960, 7208, 1248, 996.8388694477081, 1.2094)
(7, 'ising_model_13', 13, 120, 120, 0, 59.68097949028015, 1.0)
(8, '9symml_195', 11, 15232, 17350, 2118, 1355.510942659378, 1.139)
(9, 'ising_model_16', 16, 150, 150, 0, 51.418792724609375, 1.0)
(10, 'mod5mils_65', 5, 16, 16, 0, 69.80888509750366, 1.0)
(11, '4gt13_92', 5, 30, 30, 0, 91.69692659378052, 1.0)
(12, 'sym9_193', 11, 15232, 17350, 2118, 1297.673818178177, 1.139)
(13, 'z4_268', 11, 1343, 1535, 192, 405.675682220459, 1.143)
(14, 'sym6_145', 7, 1701, 1872, 171, 380.89511919021606, 1.1005)
(15, 'rd84_142', 15, 154, 193, 39, 378.53210738182065, 1.2532)
(16, 'decod24-v2_43', 4, 22, 22, 0, 81.04000449180603, 1.0)
(17, 'qft_13', 13, 156, 201, 45, 597.595335483551, 1.2885)
(18, 'radd_250', 13, 1405, 1702, 297, 485.8988020515442, 1.2114)
(19, 'rd73_252', 10, 2319, 2742, 423, 569.1075376701355, 1.1824)
(20, 'cycle10_2_110', 12, 2648, 3986, 1338, 533.4949112606048, 1.5053)
(21, 'qft_10', 10, 90, 111, 21, 377.8088582229614, 1.2333)
(22, 'alu-v0_27', 5, 17, 17, 0, 48.90856695175171, 1.0)
(23, '4mod5-v1_22', 5, 11, 11, 0, 55.08378314971924, 1.0)
(24, 'qft_20', 20, 380, 545, 165, 783.4043437290192, 1.4342)
(25, 'misex1_241', 15, 2100, 2415, 315, 443.2101806163788, 1.15)
(26, 'adr4_197', 13, 1498, 1801, 303, 466.0644779968262, 1.2023)
The average ratio is 79790:66302 = 1.2034
The time spent for this test is 6704.66 : 6707.12
