*****************************************
Sat Mar 18 17:01:49 2023
(1, 'square_root_7.qasm.txt', 15, 3089, 4352, 1263, 417.53)
(2, 'qft_16.qasm.txt', 16, 240, 429, 189, 18.6)
(3, 'sqn_258.qasm.txt', 10, 4459, 5926, 1467, 22.28)
(4, 'co14_215.qasm.txt', 15, 7840, 11815, 3975, 130.77)
(5, 'ising_model_10.qasm.txt', 10, 90, 90, 0, 0.0)
(6, 'rd84_253.qasm.txt', 12, 5960, 8912, 2952, 52.07)
(7, 'ising_model_13.qasm.txt', 13, 120, 120, 0, 0.0)
(8, '9symml_195.qasm.txt', 11, 15232, 20713, 5481, 82.46)
(9, 'ising_model_16.qasm.txt', 16, 150, 150, 0, 0.0)
(10, 'mod5mils_65.qasm.txt', 5, 16, 16, 0, 0.0)
(11, '4gt13_92.qasm.txt', 5, 30, 30, 0, 0.0)
(12, 'sym9_193.qasm.txt', 11, 15232, 20713, 5481, 81.74)
(13, 'z4_268.qasm.txt', 11, 1343, 1868, 525, 11.4)
(14, 'sym6_145.qasm.txt', 7, 1701, 2241, 540, 2.94)
(15, 'rd84_142.qasm.txt', 15, 154, 238, 84, 9.26)
(16, 'decod24-v2_43.qasm.txt', 4, 22, 22, 0, 0.0)
(17, 'radd_250.qasm.txt', 13, 1405, 2038, 633, 18.97)
(18, 'rd73_252.qasm.txt', 10, 2319, 3381, 1062, 14.94)
(19, 'cycle10_2_110.qasm.txt', 12, 2648, 3773, 1125, 10.13)
(20, 'qft_10.qasm.txt', 10, 90, 135, 45, 0.86)
(21, 'alu-v0_27.qasm.txt', 5, 17, 26, 9, 0.01)
(22, '4mod5-v1_22.qasm.txt', 5, 11, 11, 0, 0.0)
(23, 'misex1_241.qasm.txt', 15, 2100, 2721, 621, 17.45)
(24, 'adr4_197.qasm.txt', 13, 1498, 2179, 681, 13.22)
(2, 'qft_13.qasm.txt', 13, 156, 264, 108, 7.43)
(4, 'qft_20.qasm.txt', 20, 380, 698, 318, 98.81)
