('QFilter, GVal, SIZE, initial_mapping  =', '01y', True, 'all', 'top')
('lev, slayer, gamma, stop, anchor =', 3, 0, 0, 10, True)
In this test, we use Type 01y filter and top initial mapping for all circuits on q16
*****************************************
Thu Mar 23 21:33:46 2023
(1, 'square_root_7', 15, 3089, 4169, 1080, 92.53012174606323, 1.3496)
(2, 'qft_16', 16, 240, 408, 168, 1.030888557434082, 1.7)
(3, 'sqn_258', 10, 4459, 6169, 1710, 22.21024097442627, 1.3835)
(4, 'co14_215', 15, 7840, 12040, 4200, 185.70985690116882, 1.5357)
(5, 'ising_model_10', 10, 90, 90, 0, 0.007035493850708008, 1.0)
(6, 'rd84_253', 12, 5960, 8558, 2598, 75.0690703010559, 1.4359)
(7, 'ising_model_13', 13, 120, 120, 0, 0.00693964958190918, 1.0)
(8, '9symml_195', 11, 15232, 21259, 6027, 131.72541256904603, 1.3957)
(9, 'ising_model_16', 16, 150, 150, 0, 0.03467917442321777, 1.0)
(10, 'mod5mils_65', 5, 16, 16, 0, 0.0029675960540771484, 1.0)
(11, '4gt13_92', 5, 30, 30, 0, 0.002919435501098633, 1.0)
(12, 'sym9_193', 11, 15232, 21259, 6027, 131.01946823120116, 1.3957)
(13, 'z4_268', 11, 1343, 1871, 528, 12.253396453857421, 1.3931)
(14, 'sym6_145', 7, 1701, 2223, 522, 2.4517930793762206, 1.3069)
(15, 'rd84_142', 15, 154, 235, 81, 0.9077802276611329, 1.526)
(16, 'decod24-v2_43', 4, 22, 22, 0, 0.003150463104248047, 1.0)
(17, 'qft_13', 13, 156, 258, 102, 0.6374572277069092, 1.6538)
(18, 'radd_250', 13, 1405, 2098, 693, 26.64484766960144, 1.4932)
(19, 'rd73_252', 10, 2319, 3306, 987, 18.003920278549195, 1.4256)
(20, 'cycle10_2_110', 12, 2648, 3785, 1137, 17.42223509788513, 1.4294)
(21, 'qft_10', 10, 90, 141, 51, 0.2422451686859131, 1.5667)
(22, 'alu-v0_27', 5, 17, 23, 6, 0.027638206481933596, 1.3529)
(23, '4mod5-v1_22', 5, 11, 11, 0, 0.0036382675170898438, 1.0)
(25, 'misex1_241', 15, 2100, 2937, 837, 18.864074993133546, 1.3986)
(1, 'adr4_197', 13, 1498, 2167, 669, 16.556975603103638, 1.4466)
