('QFilter, GVal, SIZE, initial_mapping  =', '01y', True, 'all', 'top')
('lev, slayer, gamma, stop, anchor =', 3, 0, 0, 10, True)
In this test, we use Type 01y filter and top initial mapping for all circuits on tokyo
*****************************************
Thu Mar 23 21:28:26 2023
(1, 'square_root_7', 15, 3089, 4229, 1140, 182.01746459007262, 1.3691)
(2, 'qft_16', 16, 240, 432, 192, 3.218264503479004, 1.8)
(3, 'sqn_258', 10, 4459, 5782, 1323, 25.677446937561037, 1.2967)
(4, 'co14_215', 15, 7840, 11614, 3774, 297.7056146144867, 1.4814)
(5, 'ising_model_10', 10, 90, 90, 0, 0.007914543151855469, 1.0)
(6, 'rd84_253', 12, 5960, 8429, 2469, 100.14137554168701, 1.4143)
(7, 'ising_model_13', 13, 120, 120, 0, 0.009377241134643555, 1.0)
(8, '9symml_195', 11, 15232, 19678, 4446, 142.76675656318665, 1.2919)
(9, 'ising_model_16', 16, 150, 150, 0, 0.020260095596313477, 1.0)
(10, 'mod5mils_65', 5, 16, 16, 0, 0.004614114761352539, 1.0)
(11, '4gt13_92', 5, 30, 30, 0, 0.004625558853149414, 1.0)
(12, 'sym9_193', 11, 15232, 19678, 4446, 142.98875144958495, 1.2919)
(13, 'z4_268', 11, 1343, 1919, 576, 18.909452304840087, 1.4289)
(14, 'sym6_145', 7, 1701, 2100, 399, 2.8098247241973877, 1.2346)
(15, 'rd84_142', 15, 154, 235, 81, 1.413649435043335, 1.526)
(16, 'decod24-v2_43', 4, 22, 22, 0, 0.004769802093505859, 1.0)
(17, 'qft_13', 13, 156, 255, 99, 1.5510678386688233, 1.6346)
(18, 'radd_250', 13, 1405, 1939, 534, 36.410781936645506, 1.3801)
(19, 'rd73_252', 10, 2319, 3045, 726, 21.046395292282103, 1.3131)
(20, 'cycle10_2_110', 12, 2648, 3716, 1068, 49.613800296783445, 1.4033)
(21, 'qft_10', 10, 90, 126, 36, 1.04747296333313, 1.4)
(22, 'alu-v0_27', 5, 17, 23, 6, 0.03736306190490723, 1.3529)
(23, '4mod5-v1_22', 5, 11, 11, 0, 0.0049097537994384766, 1.0)
(24, 'qft_20', 20, 380, 752, 372, 6.946965579986572, 1.9789)
(25, 'misex1_241', 15, 2100, 2589, 489, 8.682951307296753, 1.2329)
(26, 'adr4_197', 13, 1498, 2212, 714, 24.677448625564576, 1.4766)
The average ratio is 89192:66302 = 1.3452
The time spent for this test is 1065.8 : 1065.87
