('QFilter, GVal, SIZE, initial_mapping  =', '01y', True, 'all', 'top')
('lev, slayer, gamma, stop, anchor =', 3, 0, 0, 10, True)
In this test, we use Type 01y filter and top initial mapping for all circuits on torino
*****************************************
Sat Jul 13 23:33:41 2024
(40, '133QBT_small_gate_opt2_2_1.5_no.9.qasm', 90, 81, 1497, 1416, 1297.98, 18.4815)
(2, '133QBT_small_gate_opt2_1_1.5_no.0.qasm', 95, 81, 1428, 1347, 3146.57, 17.6296)
(45, '133QBT_small_gate_opt2_3_1.5_no.9.qasm', 111, 120, 2349, 2229, 3322.63, 19.575)
(14, '133QBT_small_gate_opt1_2_1.5_no.9.qasm', 112, 114, 2277, 2163, 3897.43, 19.9737)
(9, '133QBT_small_gate_opt2_10_1.5_no.3.qasm', 123, 240, 4734, 4494, 4851.79, 19.725)
(39, '133QBT_small_gate_opt2_10_1.5_no.9.qasm', 124, 235, 4285, 4050, 6493.76, 18.234)
(46, '133QBT_small_gate_opt2_5_1.5_no.1.qasm', 117, 159, 3063, 2904, 7453.55, 19.2642)
(36, '133QBT_small_gate_opt1_10_1.5_no.3.qasm', 132, 431, 7847, 7416, 7667.38, 18.2065)
(5, '133QBT_small_gate_opt2_15_1.5_no.1.qasm', 132, 364, 6298, 5934, 9840.77, 17.3022)
(1, '133QBT_small_gate_opt2_4_1.5_no.7.qasm', 107, 114, 2583, 2469, 9984.41, 22.6579)
(22, '133QBT_large_gate_opt2_4_1.5_no.7.qasm', 129, 244, 4855, 4611, 9987.84, 19.8975)
(32, '133QBT_large_gate_opt2_3_1.5_no.0.qasm', 130, 244, 4723, 4479, 10257.38, 19.3566)
(23, '133QBT_small_gate_opt1_3_1.5_no.7.qasm', 119, 159, 2229, 2070, 11429.35, 14.0189)
(20, '133QBT_small_gate_opt1_15_1.5_no.3.qasm', 132, 618, 10437, 9819, 12299.77, 16.8883)
(28, '133QBT_large_gate_opt2_5_1.5_no.4.qasm', 132, 316, 5971, 5655, 12365.0, 18.8956)
(56, '133QBT_small_gate_opt1_4_1.5_no.0.qasm', 128, 190, 3802, 3612, 5962.09, 20.0105)
(3, '133QBT_small_gate_opt1_5_1.5_no.5.qasm', 124, 238, 5002, 4764, 12660.62, 21.0168)
(13, '133QBT_small_gate_opt1_4_1.5_no.1.qasm', 126, 197, 4172, 3975, 12822.39, 21.1777)
(38, '133QBT_large_gate_opt1_10_1.5_no.2.qasm', 133, 855, 13731, 12876, 13397.62, 16.0596)
(43, '133QBT_small_gate_opt2_5_1.5_no.9.qasm', 119, 153, 3753, 3600, 13447.44, 24.5294)
(30, '133QBT_large_gate_opt1_20_1.5_no.8.qasm', 133, 1653, 27567, 25914, 14559.9, 16.677)
(53, '133QBT_large_gate_opt1_1_1.5_no.8.qasm', 127, 151, 2638, 2487, 11389.72, 17.4702)
(6, '133QBT_large_gate_opt1_15_1.5_no.4.qasm', 133, 1231, 20728, 19497, 14755.03, 16.8383)
(47, '133QBT_small_gate_opt1_5_1.5_no.1.qasm', 128, 239, 4091, 3852, 15051.47, 17.1172)
(7, '133QBT_small_gate_opt1_2_1.5_no.0.qasm', 110, 123, 2505, 2382, 15589.15, 20.3659)
(17, '133QBT_large_gate_opt2_10_1.5_no.5.qasm', 133, 475, 8284, 7809, 15768.42, 17.44)
(18, '133QBT_large_gate_opt2_2_1.5_no.0.qasm', 126, 156, 3744, 3588, 17170.87, 24.0)
(52, '133QBT_small_gate_opt2_25_1.5_no.9.qasm', 133, 557, 9788, 9231, 14035.55, 17.5727)
(59, '133QBT_small_gate_opt2_3_1.5_no.4.qasm', 114, 112, 1951, 1839, 7562.57, 17.4196)
(27, '133QBT_small_gate_opt1_3_1.5_no.6.qasm', 120, 153, 3324, 3171, 17791.73, 21.7255)
(44, '133QBT_small_gate_opt1_10_1.5_no.5.qasm', 133, 425, 8399, 7974, 18054.9, 19.7624)
(48, '133QBT_large_gate_opt2_15_1.5_no.2.qasm', 133, 697, 14158, 13461, 18074.6, 20.3128)
(49, '133QBT_large_gate_opt1_5_1.5_no.9.qasm', 133, 464, 8300, 7836, 18519.58, 17.8879)
(24, '133QBT_large_gate_opt2_3_1.5_no.4.qasm', 128, 226, 4708, 4482, 18857.84, 20.8319)
(16, '133QBT_small_gate_opt2_4_1.5_no.8.qasm', 107, 116, 2945, 2829, 19106.56, 25.3879)
(58, '133QBT_large_gate_opt2_1_1.5_no.6.qasm', 123, 156, 3855, 3699, 11850.83, 24.7115)
(25, '133QBT_small_gate_opt1_25_1.5_no.8.qasm', 133, 1011, 18171, 17160, 20452.59, 17.9733)
(31, '133QBT_large_gate_opt2_1_1.5_no.9.qasm', 125, 151, 3409, 3258, 20940.31, 22.5762)
(11, '133QBT_small_gate_opt2_20_1.5_no.6.qasm', 133, 428, 8450, 8022, 21336.26, 19.743)
(4, '133QBT_large_gate_opt1_20_1.5_no.2.qasm', 133, 1634, 27455, 25821, 21460.5, 16.8023)
(65, '133QBT_large_gate_opt2_15_1.5_no.0.qasm', 133, 682, 13576, 12894, 9447.99, 19.9062)
(41, '133QBT_small_gate_opt1_15_1.5_no.6.qasm', 133, 634, 11251, 10617, 22650.86, 17.7461)
(66, '133QBT_large_gate_opt1_15_1.5_no.7.qasm', 133, 1214, 19502, 18288, 10259.7, 16.0643)
(34, '133QBT_large_gate_opt2_20_1.5_no.8.qasm', 133, 873, 16785, 15912, 22745.13, 19.2268)
(21, '133QBT_large_gate_opt2_4_1.5_no.9.qasm', 129, 233, 4574, 4341, 22809.24, 19.6309)
(50, '133QBT_large_gate_opt1_4_1.5_no.5.qasm', 133, 384, 8142, 7758, 22914.31, 21.2031)
(19, '133QBT_large_gate_opt1_5_1.5_no.6.qasm', 133, 462, 9114, 8652, 22914.89, 19.7273)
(64, '133QBT_large_gate_opt1_3_1.5_no.3.qasm', 133, 306, 6888, 6582, 10619.43, 22.5098)
(10, '133QBT_small_gate_opt2_25_1.5_no.7.qasm', 133, 543, 10563, 10020, 22988.11, 19.453)
(33, '133QBT_large_gate_opt2_20_1.5_no.6.qasm', 133, 864, 15153, 14289, 23351.93, 17.5382)
(8, '133QBT_small_gate_opt2_15_1.5_no.3.qasm', 132, 365, 6272, 5907, 23574.02, 17.1836)
(12, '133QBT_large_gate_opt1_2_1.5_no.5.qasm', 130, 237, 6021, 5784, 24084.81, 25.4051)
(15, '133QBT_large_gate_opt1_3_1.5_no.6.qasm', 131, 317, 5906, 5589, 24185.03, 18.6309)
(63, '133QBT_small_gate_opt1_20_1.5_no.2.qasm', 133, 849, 13986, 13137, 13376.92, 16.4735)
(61, '133QBT_large_gate_opt1_2_1.5_no.0.qasm', 132, 233, 4895, 4662, 14981.83, 21.0086)
(42, '133QBT_large_gate_opt2_5_1.5_no.6.qasm', 133, 310, 6181, 5871, 25501.99, 19.9387)
(55, '133QBT_large_gate_opt1_10_1.5_no.3.qasm', 133, 849, 14919, 14070, 21814.72, 17.5724)
(26, '133QBT_large_gate_opt2_10_1.5_no.7.qasm', 133, 466, 8464, 7998, 26699.54, 18.1631)
(62, '133QBT_small_gate_opt1_25_1.5_no.6.qasm', 133, 1022, 16181, 15159, 17129.47, 15.8327)
(35, '133QBT_large_gate_opt2_25_1.5_no.5.qasm', 133, 1094, 19292, 18198, 28749.55, 17.6344)
(37, '133QBT_large_gate_opt1_25_1.5_no.7.qasm', 133, 2011, 34468, 32457, 30657.84, 17.1397)
(29, '133QBT_small_gate_opt1_20_1.5_no.9.qasm', 133, 833, 13172, 12339, 30910.8, 15.8127)
(60, '133QBT_large_gate_opt1_25_1.5_no.3.qasm', 133, 1991, 32642, 30651, 24023.86, 16.3948)
(57, '133QBT_large_gate_opt1_4_1.5_no.6.qasm', 133, 386, 7073, 6687, 27034.01, 18.3238)
(51, '133QBT_large_gate_opt2_25_1.5_no.7.qasm', 133, 1090, 20308, 19218, 36435.38, 18.6312)
(54, '133QBT_small_gate_opt2_20_1.5_no.4.qasm', 133, 435, 8778, 8343, 36409.76, 20.1793)
Sat Jul 13 23:33:41 2024
over
